5 1 1 1 1 1 -1 -1 -1 -1 -1 100000000
5 -1 -1 -1 -1 -1 -1 -1 -1 -1 -1 -100000000
6 0 1 1 1 1 0 -1 0 0 0 0 -1 10000000
6 0 -1 -1 -1 -1 0 -1 0 0 0 0 -1 -10000000
6 -1 1 1 1 1 0 -1 0 0 0 0 0 4999999
6 0 1 1 1 1 -1 -1 0 0 0 0 0 4999999
6 1 -1 -1 -1 -1 0 -1 0 0 0 0 0 -4999999
6 0 -1 -1 -1 -1 1 -1 0 0 0 0 0 -4999999
7 0 0 1 1 1 0 0 -1 -1 1 0 0 -1 -1 4999998
7 0 0 -1 -1 -1 0 0 -1 -1 1 0 0 -1 -1 -
5 1 1 0 1 1 -1 -1 1 -1 -1 4999999
5 -1 -1 0 -1 -1 -1 -1 1 -1 -1 -4999999
5 1 0 1 1 1 -1 0 -1 1 1 4999999
5 -1 0 -1 -1 -1 -1 0 -1 1 1 -4999999
5 1 1 1 0 1 -1 -1 -1 2 -1 4999999
5 -1 -1 -1 0 -1 -1 -1 -1 2 -1 -4999999
8 0 0 0 1 1 0 0 0 -1 -1 -1 2 0 -1 -1 -1 2499997
8 0 0 0 -1 -1 0 0 0 -1 -1 -1 2 0 -1 -1 -1 -2499997
